[Гиления_1.JPG]
filters=enhance=1;autolight=1;autocolor=1;unsharp2=1,0.600000;sat=1,0.161800;dir_tint=1,0.500000,0.500000,0.250000,0.250000,ffffffff,0;
moddate=002a8823e93bd101
width=768
height=790
textactive=0
